Total Time=208.4233214855194
pkl_load=1.9544541835784912
range_dft_function=30.727171897888184
range_dft=27.330775260925293
doppler_dft_function=106.74474167823792
doppler_dft=96.0875129699707
window_multi=7.085846424102783
figure_view=0
convolve=45.81922221183777
unaccounted_time=23.17773151397705
    record_time=482.24523186683655
    efficiency_metric=2.313777692581017