Total Time=12.133311748504639
pkl_load=0.7263498306274414
range_dft_function=5.2845518589019775
range_dft=4.834748029708862
doppler_dft_function=4.759791851043701
doppler_dft=4.550562143325806
window_multi=0
figure_view=0
convolve=0
unaccounted_time=1.3626182079315186
    record_time=482.24523186683655
    efficiency_metric=39.74555684900048